 CrankAngle  (deg)  Average Value (g)
             560.5           0.135775
             561.0           0.135775
             561.5           0.135775
             562.0           0.135775
             562.5           0.135775
             563.0           0.135775
             563.5           0.135775
             564.0           0.135775
             564.5           0.135775
             565.0           0.135775
             565.5           0.135775
             566.0           0.135775
             566.5           0.135775
             567.0           0.135775
             567.5           0.135775
             568.0           0.135775
             568.5           0.135775
             569.0           0.135775
             569.5           0.135775
             570.0           0.135775
             570.5           0.135775
             571.0           0.135775
             571.5           0.135775
             572.0           0.135775
             572.5           0.135775
             573.0           0.135775
             573.5           0.135775
             574.0           0.135775
             574.5           0.135775
             575.0           0.135775
             575.5           0.135775
             576.0           0.135775
             576.5           0.135775
             577.0           0.135775
             577.5           0.135775
             578.0           0.135775
             578.5           0.135775
             579.0           0.135775
             579.5           0.135775
             580.0           0.135775
             580.5           0.135775
             581.0           0.135775
             581.5           0.135775
             582.0           0.135775
             582.5           0.135775
             583.0           0.135775
             583.5           0.135775
             584.0           0.135775
             584.5           0.135775
             585.0           0.135775
             585.5           0.135775
             586.0           0.135775
             586.5           0.135775
             587.0           0.135775
             587.5           0.135775
             588.0           0.135775
             588.5           0.135775
             589.0           0.135775
             589.5           0.135775
             590.0           0.135775
             590.5           0.135775
             591.0           0.135775
             591.5           0.135775
             592.0           0.135775
             592.5           0.135775
             593.0           0.135775
             593.5           0.135775
             594.0           0.135775
             594.5           0.135775
             595.0           0.135775
             595.5           0.135775
             596.0           0.135775
             596.5           0.135775
             597.0           0.135775
             597.5           0.135775
             598.0           0.135775
             598.5           0.135775
             599.0           0.135775
             599.5           0.135775
             600.0           0.135775
             600.5           0.135775
             601.0           0.135775
             601.5           0.135775
             602.0           0.135775
             602.5           0.135775
             603.0           0.135775
             603.5           0.135775
             604.0           0.135775
             604.5           0.135775
             605.0           0.135775
             605.5           0.135775
             606.0           0.135775
             606.5           0.135775
             607.0           0.135775
             607.5           0.135775
             608.0           0.135775
             608.5           0.135775
             609.0           0.135775
             609.5           0.135775
             610.0           0.135775
             610.5           0.135775
             611.0           0.135775
             611.5           0.135775
             612.0           0.135775
             612.5           0.135775
             613.0           0.135775
             613.5           0.135775
             614.0           0.135775
             614.5           0.135775
             615.0           0.135775
             615.5           0.135775
             616.0           0.135775
             616.5           0.135775
             617.0           0.135775
             617.5           0.135775
             618.0           0.135775
             618.5           0.135775
             619.0           0.135775
             619.5           0.135775
             620.0           0.135775
             620.5           0.135775
             621.0           0.135775
             621.5           0.135775
             622.0           0.135775
             622.5           0.135775
             623.0           0.135775
             623.5           0.135775
             624.0           0.135775
             624.5           0.135775
             625.0           0.135775
             625.5           0.135775
             626.0           0.135775
             626.5           0.135775
             627.0           0.135775
             627.5           0.135775
             628.0           0.135775
             628.5           0.135775
             629.0           0.135775
             629.5           0.135775
             630.0           0.135775
             630.5           0.135775
             631.0           0.135775
             631.5           0.135775
             632.0           0.135775
             632.5           0.135775
             633.0           0.135775
             633.5           0.135775
             634.0           0.135775
             634.5           0.135775
             635.0           0.135775
             635.5           0.135775
             636.0           0.135775
             636.5           0.135775
             637.0           0.135775
             637.5           0.135775
             638.0           0.135775
             638.5           0.135775
             639.0           0.135775
             639.5           0.135775
             640.0           0.135775
             640.5           0.135775
             641.0           0.135775
             641.5           0.135775
             642.0           0.135775
             642.5           0.135775
             643.0           0.135775
             643.5           0.135775
             644.0           0.135775
             644.5           0.135775
             645.0           0.135775
             645.5           0.135775
             646.0           0.135775
             646.5           0.135775
             647.0           0.135775
             647.5           0.135775
             648.0           0.135775
             648.5           0.135775
             649.0           0.135775
             649.5           0.135775
             650.0           0.135775
             650.5           0.135775
             651.0           0.135775
             651.5           0.135775
             652.0           0.135775
             652.5           0.135775
             653.0           0.135775
             653.5           0.135775
             654.0           0.135775
             654.5           0.135775
             655.0           0.135775
             655.5           0.135775
             656.0           0.135775
             656.5           0.135775
             657.0           0.135775
             657.5           0.135775
             658.0           0.135775
             658.5           0.135775
             659.0           0.135775
             659.5           0.135775
             660.0           0.135775
             660.5           0.135775
             661.0           0.135775
             661.5           0.135775
             662.0           0.135775
             662.5           0.135775
             663.0           0.135775
             663.5           0.135775
             664.0           0.135775
             664.5           0.135775
             665.0           0.135775
             665.5           0.135775
             666.0           0.135775
             666.5           0.135775
             667.0           0.135775
             667.5           0.135775
             668.0           0.135775
             668.5           0.135775
             669.0           0.135775
             669.5           0.135775
             670.0           0.135775
             670.5           0.135775
             671.0           0.135775
             671.5           0.135775
             672.0           0.135775
             672.5           0.135775
             673.0           0.135775
             673.5           0.135775
             674.0           0.135775
             674.5           0.135775
             675.0           0.135775
             675.5           0.135775
             676.0           0.135775
             676.5           0.135775
             677.0           0.135775
             677.5           0.135775
             678.0           0.135775
             678.5           0.135775
             679.0           0.135775
             679.5           0.135775
             680.0           0.135775
             680.1           0.135775
             680.2           0.135775
             680.3           0.135775
             680.4           0.135775
             680.5           0.135775
             680.6           0.135775
             680.7           0.135775
             680.8           0.135775
             680.9           0.135775
             681.0           0.135775
             681.1           0.135775
             681.2           0.135775
             681.3           0.135775
             681.4           0.135775
             681.5           0.135775
             681.6           0.135775
             681.7           0.135775
             681.8           0.135775
             681.9           0.135775
             682.0           0.135775
             682.1           0.135775
             682.2           0.135775
             682.3           0.135775
             682.4           0.135775
             682.5           0.135775
             682.6           0.135775
             682.7           0.135775
             682.8           0.135775
             682.9           0.135775
             683.0           0.135775
             683.1           0.135775
             683.2           0.135775
             683.3           0.135775
             683.4           0.135775
             683.5           0.135775
             683.6           0.135775
             683.7           0.135775
             683.8           0.135775
             683.9           0.135775
             684.0           0.135775
             684.1           0.135775
             684.2           0.135775
             684.3           0.135775
             684.4           0.135775
             684.5           0.135775
             684.6           0.135775
             684.7           0.135775
             684.8           0.135775
             684.9           0.135775
             685.0           0.135775
             685.1           0.135775
             685.2           0.135775
             685.3           0.135775
             685.4           0.135775
             685.5           0.135775
             685.6           0.135775
             685.7           0.135775
             685.8           0.135775
             685.9           0.135775
             686.0           0.135775
             686.1           0.135775
             686.2           0.135775
             686.3           0.135775
             686.4           0.135775
             686.5           0.135775
             686.6           0.135775
             686.7           0.135775
             686.8           0.135775
             686.9           0.135775
             687.0           0.135775
             687.1           0.135775
             687.2           0.135775
             687.3           0.135775
             687.4           0.135775
             687.5           0.135775
             687.6           0.135775
             687.7           0.135775
             687.8           0.135775
             687.9           0.135775
             688.0           0.135775
             688.1           0.135775
             688.2           0.135775
             688.3           0.135775
             688.4           0.135775
             688.5           0.135775
             688.6           0.135775
             688.7           0.135775
             688.8           0.135775
             688.9           0.135775
             689.0           0.135775
             689.1           0.135775
             689.2           0.135775
             689.3           0.135775
             689.4           0.135775
             689.5           0.135775
             689.6           0.135775
             689.7           0.135775
             689.8           0.135775
             689.9           0.135775
             690.0           0.135775
             690.1           0.135775
             690.2           0.135775
             690.3           0.135775
             690.4           0.135775
             690.5           0.135775
             690.6           0.135775
             690.7           0.135775
             690.8           0.135775
             690.9           0.135775
             691.0           0.135775
             691.1           0.135775
             691.2           0.135775
             691.3           0.135775
             691.4           0.135775
             691.5           0.135775
             691.6           0.135775
             691.7           0.135775
             691.8           0.135775
             691.9           0.135775
             692.0           0.135775
             692.1           0.135775
             692.2           0.135775
             692.3           0.135775
             692.4           0.135775
             692.5           0.135775
             692.6           0.135775
             692.7           0.135775
             692.8           0.135775
             692.9           0.135775
             693.0           0.135775
             693.1           0.135775
             693.2           0.135775
             693.3           0.135775
             693.4           0.135775
             693.5           0.135775
             693.6           0.135775
             693.7           0.135775
             693.8           0.135775
             693.9           0.135775
             694.0           0.135775
             694.1           0.135775
             694.2           0.135775
             694.3           0.135775
             694.4           0.135775
             694.5           0.135775
             694.6           0.135775
             694.7           0.135775
             694.8           0.135775
             694.9           0.135775
             695.0           0.135775
             695.1           0.135775
             695.2           0.135775
             695.3           0.135775
             695.4           0.135775
             695.5           0.135775
             695.6           0.135775
             695.7           0.135775
             695.8           0.135775
             695.9           0.135775
             696.0           0.135775
             696.1           0.135775
             696.2           0.135775
             696.3           0.135775
             696.4           0.135775
             696.5           0.135775
             696.6           0.135775
             696.7           0.135775
             696.8           0.135775
             696.9           0.135775
             697.0           0.135775
             697.1           0.135775
             697.2           0.135775
             697.3           0.135775
             697.4           0.135775
             697.5           0.135775
             697.6           0.135775
             697.7           0.135775
             697.8           0.135775
             697.9           0.135775
             698.0           0.135775
             698.1           0.135775
             698.2           0.135775
             698.3           0.135775
             698.4           0.135775
             698.5           0.135775
             698.6           0.135775
             698.7           0.135775
             698.8           0.135775
             698.9           0.135775
             699.0           0.135775
             699.1           0.135775
             699.2           0.135775
             699.3           0.135775
             699.4           0.135775
             699.5           0.135775
             699.6           0.135775
             699.7           0.135775
             699.8           0.135775
             699.9           0.135775
             700.0           0.135775
             700.1           0.135775
             700.2           0.135775
             700.3           0.135776
             700.4           0.135776
             700.5           0.135777
             700.6           0.135778
             700.7           0.135780
             700.8           0.135782
             700.9           0.135784
             701.0           0.135786
             701.1           0.135790
             701.2           0.135793
             701.3           0.135796
             701.4           0.135799
             701.5           0.135802
             701.6           0.135804
             701.7           0.135806
             701.8           0.135808
             701.9           0.135810
             702.0           0.135813
             702.1           0.135816
             702.2           0.135821
             702.3           0.135826
             702.4           0.135831
             702.5           0.135837
             702.6           0.135843
             702.7           0.135849
             702.8           0.135854
             702.9           0.135859
             703.0           0.135864
             703.1           0.135868
             703.2           0.135871
             703.3           0.135875
             703.4           0.135878
             703.5           0.135881
             703.6           0.135883
             703.7           0.135885
             703.8           0.135888
             703.9           0.135890
             704.0           0.135892
             704.1           0.135894
             704.2           0.135896
             704.3           0.135898
             704.4           0.135900
             704.5           0.135901
             704.6           0.135902
             704.7           0.135904
             704.8           0.135905
             704.9           0.135906
             705.0           0.135908
             705.1           0.135908
             705.2           0.135909
             705.3           0.135910
             705.4           0.135911
             705.5           0.135912
             705.6           0.135912
             705.7           0.135913
             705.8           0.135913
             705.9           0.135914
             706.0           0.135914
             706.1           0.135915
             706.2           0.135915
             706.3           0.135916
             706.4           0.135916
             706.5           0.135916
             706.6           0.135917
             706.7           0.135917
             706.8           0.135917
             706.9           0.135918
             707.0           0.135918
             707.1           0.135918
             707.2           0.135919
             707.3           0.135919
             707.4           0.135919
             707.5           0.135919
             707.6           0.135920
             707.7           0.135920
             707.8           0.135920
             707.9           0.135920
             708.0           0.135920
             708.1           0.135920
             708.2           0.135920
             708.3           0.135921
             708.4           0.135921
             708.5           0.135921
             708.6           0.135921
             708.7           0.135921
             708.8           0.135921
             708.9           0.135922
             709.0           0.135922
             709.1           0.135922
             709.2           0.135922
             709.3           0.135922
             709.4           0.135922
             709.5           0.135922
             709.6           0.135923
             709.7           0.135923
             709.8           0.135923
             709.9           0.135923
             710.0           0.135923
             710.1           0.135923
             710.2           0.135924
             710.3           0.135925
             710.4           0.135926
             710.5           0.135927
             710.6           0.135930
             710.7           0.135932
             710.8           0.135936
             710.9           0.135940
             711.0           0.135945
             711.1           0.135949
             711.2           0.135954
             711.3           0.135958
             711.4           0.135964
             711.5           0.135972
             711.6           0.135989
             711.7           0.136010
             711.8           0.136029
             711.9           0.136048
             712.0           0.136068
             712.1           0.136086
             712.2           0.136104
             712.3           0.136125
             712.4           0.136142
             712.5           0.136161
             712.6           0.136178
             712.7           0.136196
             712.8           0.136215
             712.9           0.136233
             713.0           0.136253
             713.1           0.136273
             713.2           0.136292
             713.3           0.136311
             713.4           0.136330
             713.5           0.136350
             713.6           0.136369
             713.7           0.136391
             713.8           0.136410
             713.9           0.136431
             714.0           0.136452
             714.1           0.136472
             714.2           0.136495
             714.3           0.136514
             714.4           0.136535
             714.5           0.136555
             714.6           0.136577
             714.7           0.136599
             714.8           0.136620
             714.9           0.136642
             715.0           0.136663
             715.1           0.136685
             715.2           0.136707
             715.3           0.136730
             715.4           0.136752
             715.5           0.136773
             715.6           0.136796
             715.7           0.136818
             715.8           0.136842
             715.9           0.136865
             716.0           0.136887
             716.1           0.136911
             716.2           0.136931
             716.3           0.136956
             716.4           0.136979
             716.5           0.137002
             716.6           0.137025
             716.7           0.137047
             716.8           0.137072
             716.9           0.137095
             717.0           0.137118
             717.1           0.137142
             717.2           0.137165
             717.3           0.137188
             717.4           0.137213
             717.5           0.137236
             717.6           0.137259
             717.7           0.137284
             717.8           0.137309
             717.9           0.137333
             718.0           0.137358
             718.1           0.137380
             718.2           0.137404
             718.3           0.137428
             718.4           0.137452
             718.5           0.137474
             718.6           0.137498
             718.7           0.137521
             718.8           0.137545
             718.9           0.137568
             719.0           0.137591
             719.1           0.137615
             719.2           0.137638
             719.3           0.137660
             719.4           0.137685
             719.5           0.137709
             719.6           0.137732
             719.7           0.137756
             719.8           0.137779
             719.9           0.137802
             720.0           0.137825
             720.1           0.137850
             720.2           0.137875
             720.3           0.137898
             720.4           0.137922
             720.5           0.137944
             720.6           0.137967
             720.7           0.137991
             720.8           0.138016
             720.9           0.138040
             721.0           0.138065
             721.1           0.138088
             721.2           0.138113
             721.3           0.138137
             721.4           0.138162
             721.5           0.138186
             721.6           0.138209
             721.7           0.138234
             721.8           0.138261
             721.9           0.138284
             722.0           0.138308
             722.1           0.138333
             722.2           0.138357
             722.3           0.138381
             722.4           0.138406
             722.5           0.138431
             722.6           0.138455
             722.7           0.138479
             722.8           0.138502
             722.9           0.138528
             723.0           0.138551
             723.1           0.138578
             723.2           0.138601
             723.3           0.138626
             723.4           0.138650
             723.5           0.138676
             723.6           0.138699
             723.7           0.138723
             723.8           0.138746
             723.9           0.138771
             724.0           0.138796
             724.1           0.138821
             724.2           0.138845
             724.3           0.138869
             724.4           0.138892
             724.5           0.138919
             724.6           0.138941
             724.7           0.138967
             724.8           0.138991
             724.9           0.139016
             725.0           0.139040
             725.1           0.139065
             725.2           0.139090
             725.3           0.139114
             725.4           0.139139
             725.5           0.139163
             725.6           0.139187
             725.7           0.139211
             725.8           0.139236
             725.9           0.139261
             726.0           0.139286
             726.1           0.139309
             726.2           0.139333
             726.3           0.139356
             726.4           0.139381
             726.5           0.139405
             726.6           0.139430
             726.7           0.139454
             726.8           0.139479
             726.9           0.139504
             727.0           0.139527
             727.1           0.139551
             727.2           0.139576
             727.3           0.139601
             727.4           0.139625
             727.5           0.139651
             727.6           0.139674
             727.7           0.139699
             727.8           0.139724
             727.9           0.139747
             728.0           0.139770
             728.1           0.139796
             728.2           0.139820
             728.3           0.139843
             728.4           0.139869
             728.5           0.139893
             728.6           0.139918
             728.7           0.139940
             728.8           0.139966
             728.9           0.139991
             729.0           0.140014
             729.1           0.140039
             729.2           0.140064
             729.3           0.140088
             729.4           0.140113
             729.5           0.140138
             729.6           0.140160
             729.7           0.140184
             729.8           0.140210
             729.9           0.140234
             730.0           0.140258
             730.1           0.140283
             730.2           0.140306
             730.3           0.140331
             730.4           0.140355
             730.5           0.140379
             730.6           0.140403
             730.7           0.140429
             730.8           0.140453
             730.9           0.140479
             731.0           0.140500
             731.1           0.140527
             731.2           0.140550
             731.3           0.140574
             731.4           0.140600
             731.5           0.140622
             731.6           0.140648
             731.7           0.140672
             731.8           0.140696
             731.9           0.140720
             732.0           0.140745
             732.1           0.140770
             732.2           0.140793
             732.3           0.140817
             732.4           0.140842
             732.5           0.140867
             732.6           0.140891
             732.7           0.140915
             732.8           0.140940
             732.9           0.140963
             733.0           0.140989
             733.1           0.141012
             733.2           0.141038
             733.3           0.141062
             733.4           0.141086
             733.5           0.141110
             733.6           0.141133
             733.7           0.141159
             733.8           0.141182
             733.9           0.141208
             734.0           0.141231
             734.1           0.141255
             734.2           0.141279
             734.3           0.141304
             734.4           0.141328
             734.5           0.141352
             734.6           0.141376
             734.7           0.141401
             734.8           0.141425
             734.9           0.141448
             735.0           0.141472
             735.1           0.141497
             735.2           0.141521
             735.3           0.141546
             735.4           0.141568
             735.5           0.141594
             735.6           0.141616
             735.7           0.141640
             735.8           0.141665
             735.9           0.141688
             736.0           0.141711
             736.1           0.141735
             736.2           0.141760
             736.3           0.141782
             736.4           0.141804
             736.5           0.141827
             736.6           0.141850
             736.7           0.141875
             736.8           0.141896
             736.9           0.141921
             737.0           0.141941
             737.1           0.141966
             737.2           0.141989
             737.3           0.142010
             737.4           0.142033
             737.5           0.142055
             737.6           0.142077
             737.7           0.142099
             737.8           0.142122
             737.9           0.142143
             738.0           0.142166
             738.1           0.142187
             738.2           0.142208
             738.3           0.142229
             738.4           0.142249
             738.5           0.142269
             738.6           0.142289
             738.7           0.142307
             738.8           0.142326
             738.9           0.142342
             739.0           0.142359
             739.1           0.142375
             739.2           0.142393
             739.3           0.142408
             739.4           0.142422
             739.5           0.142435
             739.6           0.142448
             739.7           0.142460
             739.8           0.142472
             739.9           0.142483
             740.0           0.142492
             740.1           0.142502
             740.2           0.142512
             740.3           0.142520
             740.4           0.142528
             740.5           0.142536
             740.6           0.142543
             740.7           0.142550
             740.8           0.142556
             740.9           0.142563
             741.0           0.142568
             741.1           0.142574
             741.2           0.142579
             741.3           0.142584
             741.4           0.142589
             741.5           0.142593
             741.6           0.142597
             741.7           0.142601
             741.8           0.142605
             741.9           0.142609
             742.0           0.142613
             742.1           0.142616
             742.2           0.142619
             742.3           0.142622
             742.4           0.142624
             742.5           0.142627
             742.6           0.142629
             742.7           0.142632
             742.8           0.142635
             742.9           0.142637
             743.0           0.142639
             743.1           0.142641
             743.2           0.142643
             743.3           0.142645
             743.4           0.142647
             743.5           0.142649
             743.6           0.142651
             743.7           0.142652
             743.8           0.142653
             743.9           0.142654
             744.0           0.142655
             744.1           0.142656
             744.2           0.142657
             744.3           0.142658
             744.4           0.142659
             744.5           0.142660
             744.6           0.142661
             744.7           0.142661
             744.8           0.142662
             744.9           0.142663
             745.0           0.142663
             745.1           0.142664
             745.2           0.142664
             745.3           0.142665
             745.4           0.142666
             745.5           0.142667
             745.6           0.142667
             745.7           0.142667
             745.8           0.142668
             745.9           0.142668
             746.0           0.142669
             746.1           0.142669
             746.2           0.142669
             746.3           0.142669
             746.4           0.142670
             746.5           0.142670
             746.6           0.142670
             746.7           0.142670
             746.8           0.142670
             746.9           0.142671
             747.0           0.142671
             747.1           0.142671
             747.2           0.142671
             747.3           0.142672
             747.4           0.142672
             747.5           0.142672
             747.6           0.142672
             747.7           0.142672
             747.8           0.142673
             747.9           0.142673
             748.0           0.142673
             748.1           0.142673
             748.2           0.142673
             748.3           0.142673
             748.4           0.142673
             748.5           0.142673
             748.6           0.142674
             748.7           0.142674
             748.8           0.142674
             748.9           0.142674
             749.0           0.142674
             749.1           0.142674
             749.2           0.142674
             749.3           0.142674
             749.4           0.142674
             749.5           0.142674
             749.6           0.142674
             749.7           0.142674
             749.8           0.142675
             749.9           0.142675
             750.0           0.142675
             750.1           0.142675
             750.2           0.142675
             750.3           0.142675
             750.4           0.142675
             750.5           0.142675
             750.6           0.142675
             750.7           0.142675
             750.8           0.142675
             750.9           0.142675
             751.0           0.142675
             751.1           0.142675
             751.2           0.142675
             751.3           0.142675
             751.4           0.142675
             751.5           0.142675
             751.6           0.142675
             751.7           0.142675
             751.8           0.142675
             751.9           0.142675
             752.0           0.142675
             752.1           0.142675
             752.2           0.142675
             752.3           0.142675
             752.4           0.142675
             752.5           0.142675
             752.6           0.142675
             752.7           0.142675
             752.8           0.142675
             752.9           0.142675
             753.0           0.142675
             753.1           0.142675
             753.2           0.142675
             753.3           0.142675
             753.4           0.142675
             753.5           0.142675
             753.6           0.142675
             753.7           0.142675
             753.8           0.142675
             753.9           0.142675
             754.0           0.142675
             754.1           0.142675
             754.2           0.142675
             754.3           0.142675
             754.4           0.142675
             754.5           0.142675
             754.6           0.142675
             754.7           0.142675
             754.8           0.142675
             754.9           0.142675
             755.0           0.142675
             755.1           0.142675
             755.2           0.142675
             755.3           0.142675
             755.4           0.142675
             755.5           0.142675
             755.6           0.142675
             755.7           0.142675
             755.8           0.142675
             755.9           0.142675
             756.0           0.142675
             756.1           0.142675
             756.2           0.142675
             756.3           0.142675
             756.4           0.142675
             756.5           0.142675
             756.6           0.142675
             756.7           0.142675
             756.8           0.142675
             756.9           0.142675
             757.0           0.142675
             757.1           0.142675
             757.2           0.142675
             757.3           0.142675
             757.4           0.142675
             757.5           0.142675
             757.6           0.142675
             757.7           0.142675
             757.8           0.142675
             757.9           0.142675
             758.0           0.142675
             758.1           0.142675
             758.2           0.142675
             758.3           0.142675
             758.4           0.142675
             758.5           0.142675
             758.6           0.142675
             758.7           0.142675
             758.8           0.142675
             758.9           0.142675
             759.0           0.142675
             759.1           0.142675
             759.2           0.142675
             759.3           0.142675
             759.4           0.142675
             759.5           0.142675
             759.6           0.142675
             759.7           0.142675
             759.8           0.142675
             759.9           0.142675
             760.0           0.142675
             760.2           0.142675
             760.4           0.142675
             760.6           0.142675
             760.8           0.142675
             761.0           0.142675
             761.2           0.142675
             761.4           0.142675
             761.6           0.142675
             761.8           0.142675
             762.0           0.142675
             762.2           0.142675
             762.4           0.142675
             762.6           0.142675
             762.8           0.142675
             763.0           0.142675
             763.2           0.142675
             763.4           0.142675
             763.6           0.142675
             763.8           0.142675
             764.0           0.142675
             764.2           0.142675
             764.4           0.142675
             764.6           0.142675
             764.8           0.142675
             765.0           0.142675
             765.2           0.142675
             765.4           0.142675
             765.6           0.142675
             765.8           0.142675
             766.0           0.142675
             766.2           0.142675
             766.4           0.142675
             766.6           0.142675
             766.8           0.142675
             767.0           0.142675
             767.2           0.142675
             767.4           0.142675
             767.6           0.142675
             767.8           0.142675
             768.0           0.142675
             768.2           0.142675
             768.4           0.142675
             768.6           0.142675
             768.8           0.142675
             769.0           0.142675
             769.2           0.142675
             769.4           0.142675
             769.6           0.142675
             769.8           0.142675
             770.0           0.142675
             770.2           0.142675
             770.4           0.142675
             770.6           0.142675
             770.8           0.142675
             771.0           0.142675
             771.2           0.142675
             771.4           0.142675
             771.6           0.142675
             771.8           0.142675
             772.0           0.142675
             772.2           0.142675
             772.4           0.142675
             772.6           0.142675
             772.8           0.142675
             773.0           0.142675
             773.2           0.142675
             773.4           0.142675
             773.6           0.142675
             773.8           0.142675
             774.0           0.142675
             774.2           0.142675
             774.4           0.142675
             774.6           0.142675
             774.8           0.142675
             775.0           0.142675
             775.2           0.142675
             775.4           0.142675
             775.6           0.142675
             775.8           0.142675
             776.0           0.142675
             776.2           0.142675
             776.4           0.142675
             776.6           0.142675
             776.8           0.142675
             777.0           0.142675
             777.2           0.142675
             777.4           0.142675
             777.6           0.142675
             777.8           0.142675
             778.0           0.142675
             778.2           0.142675
             778.4           0.142675
             778.6           0.142675
             778.8           0.142675
             779.0           0.142675
             779.2           0.142675
             779.4           0.142675
             779.6           0.142675
             779.8           0.142675
             780.0           0.142675
             780.5           0.142675
             781.0           0.142675
             781.5           0.142675
             782.0           0.142675
             782.5           0.142675
             783.0           0.142675
             783.5           0.142675
             784.0           0.142675
             784.5           0.142675
             785.0           0.142675
             785.5           0.142675
             786.0           0.142675
             786.5           0.142675
             787.0           0.142675
             787.5           0.142675
             788.0           0.142675
             788.5           0.142675
             789.0           0.142675
             789.5           0.142675
             790.0           0.142675
             790.5           0.142675
             791.0           0.142675
             791.5           0.142675
             792.0           0.142675
             792.5           0.142675
             793.0           0.142675
             793.5           0.142675
             794.0           0.142675
             794.5           0.142675
             795.0           0.142675
             795.5           0.142675
             796.0           0.142675
             796.5           0.142675
             797.0           0.142675
             797.5           0.142675
             798.0           0.142675
             798.5           0.142675
             799.0           0.142675
             799.5           0.142675
             800.0           0.142675
             800.5           0.142675
             801.0           0.142675
             801.5           0.142675
             802.0           0.142675
             802.5           0.142675
             803.0           0.142675
             803.5           0.142675
             804.0           0.142675
             804.5           0.142675
             805.0           0.142675
             805.5           0.142675
             806.0           0.142675
             806.5           0.142675
             807.0           0.142675
             807.5           0.142675
             808.0           0.142675
             808.5           0.142675
             809.0           0.142675
             809.5           0.142675
             810.0           0.142675
             810.5           0.142675
             811.0           0.142675
             811.5           0.142675
             812.0           0.142675
             812.5           0.142675
             813.0           0.142675
             813.5           0.142675
             814.0           0.142675
             814.5           0.142675
             815.0           0.142675
             815.5           0.142675
             816.0           0.142675
             816.5           0.142675
             817.0           0.142675
             817.5           0.142675
             818.0           0.142675
             818.5           0.142675
             819.0           0.142675
             819.5           0.142675
             820.0           0.142675
             820.5           0.142675
             821.0           0.142675
             821.5           0.142675
             822.0           0.142675
             822.5           0.142675
             823.0           0.142675
             823.5           0.142675
             824.0           0.142675
             824.5           0.142675
             825.0           0.142675
             825.5           0.142675
             826.0           0.142675
             826.5           0.142675
             827.0           0.142675
             827.5           0.142675
             828.0           0.142675
             828.5           0.142675
             829.0           0.142675
             829.5           0.142675
             830.0           0.142675
             830.5           0.142675
             831.0           0.142675
             831.5           0.142675
             832.0           0.142675
             832.5           0.142675
             833.0           0.142675
             833.5           0.142675
             834.0           0.142675
             834.5           0.142675
             835.0           0.142675
             835.5           0.142675
             836.0           0.142675
             836.5           0.142675
             837.0           0.142675
             837.5           0.142675
             838.0           0.142675
             838.5           0.142675
             839.0           0.142675
             839.5           0.142675
             840.0           0.142675
             840.5           0.142675
             841.0           0.142675
             841.5           0.142675
             842.0           0.142675
             842.5           0.142675
             843.0           0.142675
             843.5           0.142675
             844.0           0.142675
             844.5           0.142675
             845.0           0.142675
             845.5           0.142675
             846.0           0.142675
             846.5           0.142675
             847.0           0.142675
             847.5           0.142675
             848.0           0.142675
             848.5           0.142675
             849.0           0.142675
             849.5           0.142675
             850.0           0.142675